2.1893 0.
2.1903 9.5613e-05
2.1913 0.00028675
2.1923 0.00047762
2.1932 0.00066804
2.1942 0.00085784
2.1956 0.0010468
2.1971 0.0012349
2.1985 0.0014218
2.1999 0.0016073
2.2014 0.0017914
2.2032 0.0019738
2.205 0.0021545
2.2068 0.0023331
2.2086 0.0025097
2.2104 0.002684
2.2125 0.0028558
2.2146 0.0030251
2.2167 0.0031918
2.2188 0.0033555
2.221 0.0035164
2.2235 0.0036742
2.2261 0.0038288
2.2286 0.0039801
2.2312 0.0041281
2.2337 0.0042725
2.2366 0.0044134
2.2395 0.0045507
2.2424 0.0046842
2.2453 0.0048139
2.2482 0.0049398
2.2514 0.0050618
2.2545 0.0051798
2.2577 0.0052939
2.2609 0.0054039
2.264 0.0055099
2.2676 0.0056118
2.2712 0.0057097
2.2747 0.0058035
2.2783 0.0058932
2.2818 0.0059789
2.2856 0.0060605
2.2895 0.0061382
2.2933 0.0062118
2.2971 0.0062816
2.3009 0.0063474
2.3051 0.0064094
2.3092 0.0064677
2.3134 0.0065222
2.3175 0.0065731
2.3216 0.0066205
2.326 0.0066643
2.3304 0.0067048
2.3348 0.006742
2.3392 0.0067761
2.3436 0.006807
2.3482 0.0068349
2.3527 0.00686
2.3573 0.0068823
2.3618 0.006902
2.3664 0.0069192
2.3712 0.006934
2.376 0.0069466
2.3808 0.006957
2.3856 0.0069655
2.3904 0.0069721
2.3954 0.006977
2.4003 0.0069803
2.4052 0.0069822
2.4102 0.0069827
2.4151 0.0069821
2.4202 0.0069805
2.4254 0.006978
2.4305 0.0069747
2.4356 0.0069709
2.4407 0.0069665
2.4459 0.0069618
2.4511 0.0069568
2.4563 0.0069518
2.4615 0.0069468
2.4667 0.0069419
2.4719 0.0069372
2.4772 0.0069329
2.4824 0.006929
2.4876 0.0069257
2.4928 0.006923
2.498 0.0069211
2.5033 0.0069199
2.5085 0.0069196
2.5137 0.0069203
2.5189 0.0069219
2.5242 0.0069246
2.5295 0.0069284
2.5348 0.0069333
2.5401 0.0069393
2.5454 0.0069464
2.5506 0.0069547
2.5557 0.0069642
2.5608 0.0069748
2.5659 0.0069865
2.571 0.0069993
2.5761 0.0070131
2.5812 0.0070279
2.5862 0.0070437
2.5913 0.0070603
2.5964 0.0070776
2.6013 0.0070957
2.6062 0.0071143
2.6111 0.0071335
2.616 0.0071529
2.6209 0.0071726
2.6256 0.0071924
2.6302 0.0072122
2.6349 0.0072317
2.6396 0.0072509
2.6442 0.0072696
2.6488 0.0072875
2.6533 0.0073046
2.6578 0.0073206
2.6623 0.0073353
2.6668 0.0073486
2.671 0.0073602
2.6751 0.0073699
2.6793 0.0073776
2.6835 0.007383
2.6876 0.0073859
2.6915 0.0073861
2.6953 0.0073834
2.6991 0.0073776
2.703 0.0073684
2.7068 0.0073556
2.7104 0.0073391
2.714 0.0073187
2.7175 0.007294
2.7211 0.007265
2.7247 0.0072315
2.7277 0.0071932
2.7308 0.00715
2.7339 0.0071018
2.737 0.0070483
2.7401 0.0069894
2.7428 0.0069251
2.7455 0.006855
2.7482 0.0067792
2.7509 0.0066975
2.7535 0.0066099
2.7558 0.0065162
2.758 0.0064164
2.7602 0.0063104
2.7624 0.0061982
2.7647 0.0060798
2.7665 0.0059551
2.7683 0.0058242
2.7701 0.0056871
2.7719 0.0055438
2.7737 0.0053944
2.7749 0.0052389
2.7761 0.0050774
2.7773 0.0049101
2.7785 0.004737
2.7797 0.0045583
2.7806 0.0043741
2.7814 0.0041845
2.7822 0.0039898
2.783 0.0037902
2.7839 0.0035858
2.7841 0.0033768
2.7843 0.0031636
2.7846 0.0029462
2.7848 0.0027251
2.785 0.0025004
